# Kobra
BSPLINE
21 # Cross Section Number
12 #ControlPointerNumber

#0
2.8284 0 # Pointer
2.4494 1.4142
1.4142 2.4494
0 2.8284
-1.4142 2.4494
-2.4494 1.4142
-2.8284 0
-2.4494 -1.4142
-1.4142 -2.4494
0 -2.8284
1.4142 -2.4494
2.4494 -1.4142
0 # Scaling
-1.570796 0 0 1 # Rotation
-30 0 0 # Position

#1
2.8284 0 # Pointer
2.4494 1.4142
1.4142 2.4494
0 2.8284
-1.4142 2.4494
-2.4494 1.4142
-2.8284 0
-2.4494 -1.4142
-1.4142 -2.4494
0 -2.8284
1.4142 -2.4494
2.4494 -1.4142
0.1 # Scaling
-1.570796 0 0 1 # Rotation
-18 0 0 # Position

#2
2.8284 0 # Pointer
2.4494 1.4142
1.4142 2.4494
0 2.8284
-1.4142 2.4494
-2.4494 1.4142
-2.8284 0
-2.4494 -1.4142
-1.4142 -2.4494
0 -2.8284
1.4142 -2.4494
2.4494 -1.4142
0.3 # Scaling
-1.570796 0 0 1 # Rotation
-12 0 -3 # Position

#3
2.8284 0 # Pointer
2.4494 1.4142
1.4142 2.4494
0 2.8284
-1.4142 2.4494
-2.4494 1.4142
-2.8284 0
-2.4494 -1.4142
-1.4142 -2.4494
0 -2.8284
1.4142 -2.4494
2.4494 -1.4142
0.5 # Scaling
-1.570796 -1 0 1 # Rotation
-6 3 0 # Position

#4
2.8284 0 # Pointer
2.4494 1.4142
1.4142 2.4494
0 2.8284
-1.4142 2.4494
-2.4494 1.4142
-2.8284 0
-2.4494 -1.4142
-1.4142 -2.4494
0 -2.8284
1.4142 -2.4494
2.4494 -1.4142
0.8 # Scaling
-1.570796 0 0 1 # Rotation
0 0 6 # Position

#5
2.8284 0 # Pointer
2.4494 1.4142
1.4142 2.4494
0 2.8284
-1.4142 2.4494
-2.4494 1.4142
-2.8284 0
-2.4494 -1.4142
-1.4142 -2.4494
0 -2.8284
1.4142 -2.4494
2.4494 -1.4142
0.765 # Scaling
-1.570796 0 0 1 # Rotation
7.5 3 6 # Position

#6
2.8284 0 # Pointer
2.4494 1.4142
1.4142 2.4494
0 2.8284
-1.4142 2.4494
-2.4494 1.4142
-2.8284 0
-2.4494 -1.4142
-1.4142 -2.4494
0 -2.8284
1.4142 -2.4494
2.4494 -1.4142
0.9 # Scaling
-1.570796 1 0 0 # Rotation
15 5 0 # Position

#7
2.8284 0 # Pointer
2.4494 1.4142
1.4142 2.4494
0 2.8284
-1.4142 2.4494
-2.4494 1.4142
-2.8284 0
-2.4494 -1.4142
-1.4142 -2.4494
0 -2.8284
1.4142 -2.4494
2.4494 -1.4142
0.9 # Scaling
1.570796 0 0 1 # Rotation
6 0 -6 # Position

#8
2.8284 0 # Pointer
2.4494 1.4142
1.4142 2.4494
0 2.8284
-1.4142 2.4494
-2.4494 1.4142
-2.8284 0
-2.4494 -1.4142
-1.4142 -2.4494
0 -2.8284
1.4142 -2.4494
2.4494 -1.4142
1 # Scaling
1.570796 1 0 0 # Rotation
-7.5 0 6 # Position

#9
2.8284 0 # Pointer
2.4494 1.4142
1.4142 2.4494
0 2.8284
-1.4142 2.4494
-2.4494 1.4142
-2.8284 0
-2.4494 -1.4142
-1.4142 -2.4494
0 -2.8284
1.4142 -2.4494
2.4494 -1.4142
1 # Scaling
-1.570796 0 0 1 # Rotation
7.5 0 12 # Position

#10
2.8284 0 # Pointer
2.4494 1.4142
1.4142 2.4494
0 2.8284
-1.4142 2.4494
-2.4494 1.4142
-2.8284 0
-2.4494 -1.4142
-1.4142 -2.4494
0 -2.8284
1.4142 -2.4494
2.4494 -1.4142
0.9 # Scaling
-1.570796 1 0 0 # Rotation
18 0 6 # Position

#11
2.8284 0 # Pointer
2.4494 1.4142
1.4142 2.4494
0 2.8284
-1.4142 2.4494
-2.4494 1.4142
-2.8284 0
-2.4494 -1.4142
-1.4142 -2.4494
0 -2.8284
1.4142 -2.4494
2.4494 -1.4142
0.8 # Scaling
1.570796 0 0 1 # Rotation
7.5 0 0 # Position

#12
2.8284 0 # Pointer
2.4494 1.4142
1.4142 2.4494
0 2.8284
-1.4142 2.4494
-2.4494 1.4142
-2.8284 0
-2.4494 -1.4142
-1.4142 -2.4494
0 -2.8284
1.4142 -2.4494
2.4494 -1.4142
0.8 # Scaling
0 0 0 1 # Rotation
-1 3 0 # Position

#13 #목 변환 
4 0 # Pointer
2.4494 1.4142
1.4142 2.4494
0 2.8284
-1.4142 2.4494
-2.4494 1.4142
-4 0
-2.4494 -1.4142
-1.4142 -2.4494
0 -2.8284
1.4142 -2.4494
2.4494 -1.4142
0.765 # Scaling
0 0 0 1 # Rotation
0 9 0 # Position

#14 # 목 변환 최대 
9 0 # Pointer
2.4494 1.4142
1.4142 2.4494
0 2.8284
-1.4142 2.4494
-2.4494 1.4142
-9 0
-2.4494 -1.4142
-1.4142 -2.4494
0 -2.8284
1.4142 -2.4494
2.4494 -1.4142
0.765 # Scaling
0 0 0 1 # Rotation
0 15 0 # Position

#15 # 제 자리 
6 0 # Pointer
2.4494 1.4142
1.4142 2.4494
0 2.8284
-1.4142 2.4494
-2.4494 1.4142
-6 0
-2.4494 -1.4142
-1.4142 -2.4494
0 -2.8284
1.4142 -2.4494
2.4494 -1.4142
0.765 # Scaling
1.047 1 0 0 # Rotation
0 16 1 # Position

#16 # 앞 머리 
2.8284 0 # Pointer
2.4494 1.4142
1.4142 2.4494
0 2.8284
-1.4142 2.4494
-2.4494 1.4142
-2.8284 0
-2.4494 -1.4142
-1.4142 -2.4494
0 -2.8284
1.4142 -2.4494
2.4494 -1.4142
0.7 # Scaling
2.09439 1 0 0 # Rotation
0 15 2 # Position

#17 # 
2.8284 0 # Pointer
2.4494 1.4142
1.4142 2.4494
0 2.8284
-1.4142 2.4494
-2.4494 1.4142
-2.8284 0
-2.4494 -1.4142
-1.4142 -2.4494
0 -2.8284
1.4142 -2.4494
2.4494 -1.4142
0.4 # Scaling
2.09439 1 0 0 # Rotation
0 14 5 # Position

#18 # 머리 닫기 
2.5 0 # Pointer
2.1 1.4142
1.3 2.4494
0 2.8284
-1.3 2.4494
-2.1 1.4142
-2.5 0
-2.1 -1.4142
-1.3 -2.4494
0 -2.8284
1.3 -2.4494
2.1 -1.4142
0.1 # Scaling
2.09439 1 0 0 # Rotation
0 13.5 6 # Position

#19 #혀 
1 0 # Pointer
2.4494 1.4142
1.4142 2.4494
0 2.8284
-1.4142 2.4494
-2.4494 1.4142
-1 0
-2.4494 -1.4142
-1.4142 -2.4494
0 -2.8284
1.4142 -2.4494
2.4494 -1.4142
0.1 # Scaling
2.09439 1 0 0 # Rotation
0 13 9 # Position

#20 #끝 
2.8284 0 # Pointer
2.4494 1.4142
1.4142 2.4494
0 2.8284
-1.4142 2.4494
-2.4494 1.4142
-2.8284 0
-2.4494 -1.4142
-1.4142 -2.4494
0 -2.8284
1.4142 -2.4494
2.4494 -1.4142
0.1 # Scaling
1.5707 1 0 0 # Rotation
0 12 12 # Position
